# Created by Octave 3.6.4, Mon Jun 16 13:13:54 2014 AUS Eastern Standard Time <unknown@PHYSICS3>
# name: ref
# type: sparse bool matrix
# nnz: 6264
# rows: 1000
# columns: 1000
4 2 1
3 3 1
4 3 1
5 3 1
6 3 1
4 4 1
5 4 1
6 4 1
7 4 1
6 5 1
7 5 1
8 5 1
9 5 1
7 6 1
8 6 1
9 6 1
10 6 1
11 6 1
9 7 1
10 7 1
11 7 1
12 7 1
13 7 1
10 8 1
11 8 1
12 8 1
13 8 1
14 8 1
12 9 1
13 9 1
14 9 1
15 9 1
16 9 1
13 10 1
14 10 1
15 10 1
16 10 1
17 10 1
18 10 1
15 11 1
16 11 1
17 11 1
18 11 1
19 11 1
20 11 1
16 12 1
17 12 1
18 12 1
19 12 1
20 12 1
21 12 1
22 12 1
17 13 1
18 13 1
19 13 1
21 13 1
22 13 1
23 13 1
24 13 1
19 14 1
20 14 1
21 14 1
23 14 1
24 14 1
25 14 1
20 15 1
21 15 1
22 15 1
25 15 1
26 15 1
27 15 1
22 16 1
23 16 1
26 16 1
27 16 1
28 16 1
29 16 1
23 17 1
24 17 1
25 17 1
28 17 1
29 17 1
30 17 1
31 17 1
24 18 1
25 18 1
26 18 1
30 18 1
31 18 1
32 18 1
33 18 1
26 19 1
27 19 1
32 19 1
33 19 1
34 19 1
35 19 1
27 20 1
28 20 1
34 20 1
35 20 1
36 20 1
37 20 1
28 21 1
29 21 1
36 21 1
37 21 1
38 21 1
39 21 1
29 22 1
30 22 1
38 22 1
39 22 1
40 22 1
41 22 1
30 23 1
31 23 1
40 23 1
41 23 1
42 23 1
43 23 1
31 24 1
32 24 1
42 24 1
43 24 1
44 24 1
45 24 1
32 25 1
33 25 1
44 25 1
45 25 1
46 25 1
47 25 1
33 26 1
34 26 1
46 26 1
47 26 1
48 26 1
49 26 1
241 26 1
242 26 1
243 26 1
369 26 1
370 26 1
371 26 1
389 26 1
390 26 1
391 26 1
392 26 1
713 26 1
714 26 1
34 27 1
35 27 1
48 27 1
49 27 1
50 27 1
51 27 1
52 27 1
238 27 1
239 27 1
240 27 1
241 27 1
242 27 1
243 27 1
244 27 1
245 27 1
366 27 1
367 27 1
368 27 1
369 27 1
370 27 1
371 27 1
372 27 1
373 27 1
374 27 1
387 27 1
388 27 1
389 27 1
390 27 1
391 27 1
392 27 1
393 27 1
394 27 1
711 27 1
712 27 1
713 27 1
714 27 1
715 27 1
35 28 1
36 28 1
50 28 1
51 28 1
52 28 1
53 28 1
54 28 1
236 28 1
237 28 1
238 28 1
239 28 1
240 28 1
244 28 1
245 28 1
246 28 1
247 28 1
364 28 1
365 28 1
366 28 1
367 28 1
368 28 1
372 28 1
373 28 1
374 28 1
375 28 1
376 28 1
377 28 1
378 28 1
379 28 1
380 28 1
381 28 1
382 28 1
383 28 1
384 28 1
385 28 1
386 28 1
387 28 1
388 28 1
393 28 1
394 28 1
395 28 1
709 28 1
710 28 1
711 28 1
712 28 1
715 28 1
716 28 1
36 29 1
37 29 1
53 29 1
54 29 1
55 29 1
56 29 1
57 29 1
233 29 1
234 29 1
235 29 1
236 29 1
237 29 1
246 29 1
247 29 1
248 29 1
249 29 1
362 29 1
363 29 1
364 29 1
365 29 1
375 29 1
376 29 1
377 29 1
378 29 1
379 29 1
380 29 1
381 29 1
382 29 1
383 29 1
384 29 1
385 29 1
386 29 1
395 29 1
396 29 1
397 29 1
707 29 1
708 29 1
709 29 1
710 29 1
715 29 1
716 29 1
37 30 1
38 30 1
55 30 1
56 30 1
57 30 1
58 30 1
59 30 1
60 30 1
230 30 1
231 30 1
232 30 1
233 30 1
234 30 1
235 30 1
248 30 1
249 30 1
250 30 1
251 30 1
252 30 1
359 30 1
360 30 1
361 30 1
362 30 1
363 30 1
396 30 1
397 30 1
398 30 1
399 30 1
705 30 1
706 30 1
707 30 1
708 30 1
716 30 1
717 30 1
38 31 1
39 31 1
58 31 1
59 31 1
60 31 1
61 31 1
62 31 1
63 31 1
227 31 1
228 31 1
229 31 1
230 31 1
231 31 1
232 31 1
250 31 1
251 31 1
252 31 1
253 31 1
254 31 1
357 31 1
358 31 1
359 31 1
360 31 1
361 31 1
398 31 1
399 31 1
400 31 1
401 31 1
703 31 1
704 31 1
705 31 1
706 31 1
717 31 1
718 31 1
39 32 1
40 32 1
61 32 1
62 32 1
63 32 1
64 32 1
65 32 1
66 32 1
224 32 1
225 32 1
226 32 1
227 32 1
228 32 1
229 32 1
253 32 1
254 32 1
255 32 1
256 32 1
257 32 1
354 32 1
355 32 1
356 32 1
357 32 1
358 32 1
400 32 1
401 32 1
402 32 1
403 32 1
701 32 1
702 32 1
703 32 1
704 32 1
717 32 1
718 32 1
40 33 1
41 33 1
64 33 1
65 33 1
66 33 1
67 33 1
68 33 1
69 33 1
221 33 1
222 33 1
223 33 1
224 33 1
225 33 1
226 33 1
255 33 1
256 33 1
257 33 1
258 33 1
259 33 1
352 33 1
353 33 1
354 33 1
355 33 1
356 33 1
402 33 1
403 33 1
404 33 1
405 33 1
406 33 1
698 33 1
699 33 1
700 33 1
701 33 1
702 33 1
718 33 1
719 33 1
41 34 1
42 34 1
67 34 1
68 34 1
69 34 1
70 34 1
71 34 1
72 34 1
218 34 1
219 34 1
220 34 1
221 34 1
222 34 1
223 34 1
258 34 1
259 34 1
260 34 1
261 34 1
262 34 1
349 34 1
350 34 1
351 34 1
352 34 1
353 34 1
404 34 1
405 34 1
406 34 1
407 34 1
408 34 1
696 34 1
697 34 1
698 34 1
699 34 1
700 34 1
718 34 1
719 34 1
41 35 1
42 35 1
70 35 1
71 35 1
72 35 1
73 35 1
74 35 1
75 35 1
76 35 1
214 35 1
215 35 1
216 35 1
217 35 1
218 35 1
219 35 1
220 35 1
260 35 1
261 35 1
262 35 1
263 35 1
264 35 1
265 35 1
347 35 1
348 35 1
349 35 1
350 35 1
351 35 1
407 35 1
408 35 1
409 35 1
410 35 1
694 35 1
695 35 1
696 35 1
697 35 1
719 35 1
720 35 1
42 36 1
43 36 1
73 36 1
74 36 1
75 36 1
76 36 1
77 36 1
78 36 1
79 36 1
80 36 1
210 36 1
211 36 1
212 36 1
213 36 1
214 36 1
215 36 1
216 36 1
217 36 1
263 36 1
264 36 1
265 36 1
266 36 1
267 36 1
268 36 1
344 36 1
345 36 1
346 36 1
347 36 1
348 36 1
409 36 1
410 36 1
411 36 1
412 36 1
692 36 1
693 36 1
694 36 1
695 36 1
720 36 1
721 36 1
43 37 1
44 37 1
77 37 1
78 37 1
79 37 1
80 37 1
81 37 1
82 37 1
83 37 1
84 37 1
206 37 1
207 37 1
208 37 1
209 37 1
210 37 1
211 37 1
212 37 1
213 37 1
266 37 1
267 37 1
268 37 1
269 37 1
270 37 1
271 37 1
272 37 1
340 37 1
341 37 1
342 37 1
343 37 1
344 37 1
345 37 1
346 37 1
411 37 1
412 37 1
413 37 1
414 37 1
690 37 1
691 37 1
692 37 1
693 37 1
720 37 1
721 37 1
44 38 1
45 38 1
81 38 1
82 38 1
83 38 1
84 38 1
85 38 1
86 38 1
87 38 1
88 38 1
202 38 1
203 38 1
204 38 1
205 38 1
206 38 1
207 38 1
208 38 1
209 38 1
269 38 1
270 38 1
271 38 1
272 38 1
273 38 1
274 38 1
275 38 1
276 38 1
336 38 1
337 38 1
338 38 1
339 38 1
340 38 1
341 38 1
342 38 1
343 38 1
413 38 1
414 38 1
415 38 1
416 38 1
417 38 1
687 38 1
688 38 1
689 38 1
690 38 1
691 38 1
721 38 1
722 38 1
44 39 1
45 39 1
85 39 1
86 39 1
87 39 1
88 39 1
89 39 1
90 39 1
91 39 1
92 39 1
93 39 1
197 39 1
198 39 1
199 39 1
200 39 1
201 39 1
202 39 1
203 39 1
204 39 1
205 39 1
273 39 1
274 39 1
275 39 1
276 39 1
277 39 1
278 39 1
279 39 1
280 39 1
281 39 1
331 39 1
332 39 1
333 39 1
334 39 1
335 39 1
336 39 1
337 39 1
338 39 1
339 39 1
415 39 1
416 39 1
417 39 1
418 39 1
419 39 1
685 39 1
686 39 1
687 39 1
688 39 1
689 39 1
721 39 1
722 39 1
45 40 1
46 40 1
89 40 1
90 40 1
91 40 1
92 40 1
93 40 1
94 40 1
95 40 1
96 40 1
97 40 1
98 40 1
192 40 1
193 40 1
194 40 1
195 40 1
196 40 1
197 40 1
198 40 1
199 40 1
200 40 1
201 40 1
277 40 1
278 40 1
279 40 1
280 40 1
281 40 1
282 40 1
283 40 1
284 40 1
285 40 1
286 40 1
287 40 1
288 40 1
324 40 1
325 40 1
326 40 1
327 40 1
328 40 1
329 40 1
330 40 1
331 40 1
332 40 1
333 40 1
334 40 1
335 40 1
418 40 1
419 40 1
420 40 1
421 40 1
683 40 1
684 40 1
685 40 1
686 40 1
722 40 1
723 40 1
46 41 1
47 41 1
94 41 1
95 41 1
96 41 1
97 41 1
98 41 1
99 41 1
100 41 1
101 41 1
102 41 1
103 41 1
104 41 1
186 41 1
187 41 1
188 41 1
189 41 1
190 41 1
191 41 1
192 41 1
193 41 1
194 41 1
195 41 1
196 41 1
282 41 1
283 41 1
284 41 1
285 41 1
286 41 1
287 41 1
288 41 1
289 41 1
290 41 1
291 41 1
292 41 1
293 41 1
294 41 1
295 41 1
296 41 1
297 41 1
298 41 1
299 41 1
313 41 1
314 41 1
315 41 1
316 41 1
317 41 1
318 41 1
319 41 1
320 41 1
321 41 1
322 41 1
323 41 1
324 41 1
325 41 1
326 41 1
327 41 1
328 41 1
329 41 1
330 41 1
420 41 1
421 41 1
422 41 1
423 41 1
424 41 1
681 41 1
682 41 1
683 41 1
684 41 1
723 41 1
724 41 1
47 42 1
48 42 1
99 42 1
100 42 1
101 42 1
102 42 1
103 42 1
104 42 1
105 42 1
106 42 1
107 42 1
108 42 1
109 42 1
110 42 1
111 42 1
114 42 1
179 42 1
180 42 1
181 42 1
182 42 1
183 42 1
184 42 1
185 42 1
186 42 1
187 42 1
188 42 1
189 42 1
190 42 1
191 42 1
289 42 1
290 42 1
291 42 1
292 42 1
293 42 1
294 42 1
295 42 1
296 42 1
297 42 1
298 42 1
299 42 1
300 42 1
301 42 1
302 42 1
303 42 1
304 42 1
305 42 1
306 42 1
307 42 1
308 42 1
309 42 1
310 42 1
311 42 1
312 42 1
313 42 1
314 42 1
315 42 1
316 42 1
317 42 1
318 42 1
319 42 1
320 42 1
321 42 1
322 42 1
323 42 1
422 42 1
423 42 1
424 42 1
425 42 1
426 42 1
678 42 1
679 42 1
680 42 1
681 42 1
682 42 1
723 42 1
724 42 1
47 43 1
48 43 1
105 43 1
106 43 1
107 43 1
108 43 1
109 43 1
110 43 1
111 43 1
112 43 1
113 43 1
114 43 1
115 43 1
116 43 1
117 43 1
118 43 1
119 43 1
171 43 1
172 43 1
173 43 1
174 43 1
175 43 1
176 43 1
177 43 1
178 43 1
179 43 1
180 43 1
181 43 1
182 43 1
183 43 1
184 43 1
185 43 1
300 43 1
301 43 1
302 43 1
303 43 1
304 43 1
305 43 1
306 43 1
307 43 1
308 43 1
309 43 1
310 43 1
311 43 1
312 43 1
425 43 1
426 43 1
427 43 1
428 43 1
429 43 1
676 43 1
677 43 1
678 43 1
679 43 1
680 43 1
724 43 1
725 43 1
48 44 1
49 44 1
112 44 1
113 44 1
115 44 1
116 44 1
117 44 1
118 44 1
119 44 1
120 44 1
121 44 1
122 44 1
123 44 1
124 44 1
125 44 1
126 44 1
127 44 1
128 44 1
129 44 1
130 44 1
131 44 1
132 44 1
133 44 1
134 44 1
156 44 1
157 44 1
158 44 1
159 44 1
160 44 1
161 44 1
162 44 1
163 44 1
164 44 1
165 44 1
166 44 1
167 44 1
168 44 1
169 44 1
170 44 1
171 44 1
172 44 1
173 44 1
174 44 1
175 44 1
176 44 1
177 44 1
178 44 1
427 44 1
428 44 1
429 44 1
430 44 1
431 44 1
432 44 1
673 44 1
674 44 1
675 44 1
676 44 1
677 44 1
725 44 1
726 44 1
49 45 1
50 45 1
120 45 1
121 45 1
122 45 1
123 45 1
124 45 1
125 45 1
126 45 1
127 45 1
128 45 1
129 45 1
130 45 1
131 45 1
132 45 1
133 45 1
134 45 1
135 45 1
136 45 1
137 45 1
138 45 1
139 45 1
140 45 1
141 45 1
142 45 1
143 45 1
144 45 1
145 45 1
146 45 1
147 45 1
148 45 1
149 45 1
150 45 1
151 45 1
152 45 1
153 45 1
154 45 1
155 45 1
156 45 1
157 45 1
158 45 1
159 45 1
160 45 1
161 45 1
162 45 1
163 45 1
164 45 1
165 45 1
166 45 1
167 45 1
168 45 1
169 45 1
170 45 1
430 45 1
431 45 1
432 45 1
433 45 1
434 45 1
671 45 1
672 45 1
673 45 1
674 45 1
675 45 1
725 45 1
726 45 1
49 46 1
50 46 1
135 46 1
136 46 1
137 46 1
138 46 1
139 46 1
140 46 1
141 46 1
142 46 1
143 46 1
144 46 1
145 46 1
146 46 1
147 46 1
148 46 1
149 46 1
150 46 1
151 46 1
152 46 1
153 46 1
154 46 1
155 46 1
433 46 1
434 46 1
435 46 1
436 46 1
437 46 1
668 46 1
669 46 1
670 46 1
671 46 1
672 46 1
726 46 1
727 46 1
50 47 1
51 47 1
435 47 1
436 47 1
437 47 1
438 47 1
439 47 1
440 47 1
665 47 1
666 47 1
667 47 1
668 47 1
669 47 1
670 47 1
727 47 1
728 47 1
51 48 1
52 48 1
438 48 1
439 48 1
440 48 1
441 48 1
442 48 1
443 48 1
662 48 1
663 48 1
664 48 1
665 48 1
666 48 1
667 48 1
727 48 1
728 48 1
51 49 1
52 49 1
441 49 1
442 49 1
443 49 1
444 49 1
445 49 1
446 49 1
659 49 1
660 49 1
661 49 1
662 49 1
663 49 1
664 49 1
728 49 1
729 49 1
52 50 1
53 50 1
444 50 1
445 50 1
446 50 1
447 50 1
448 50 1
449 50 1
656 50 1
657 50 1
658 50 1
659 50 1
660 50 1
661 50 1
729 50 1
730 50 1
53 51 1
54 51 1
447 51 1
448 51 1
449 51 1
450 51 1
451 51 1
452 51 1
653 51 1
654 51 1
655 51 1
656 51 1
657 51 1
658 51 1
729 51 1
730 51 1
53 52 1
54 52 1
450 52 1
451 52 1
452 52 1
453 52 1
454 52 1
455 52 1
456 52 1
649 52 1
650 52 1
651 52 1
652 52 1
653 52 1
654 52 1
655 52 1
730 52 1
731 52 1
54 53 1
55 53 1
453 53 1
454 53 1
455 53 1
456 53 1
457 53 1
458 53 1
459 53 1
646 53 1
647 53 1
648 53 1
649 53 1
650 53 1
651 53 1
652 53 1
731 53 1
732 53 1
54 54 1
55 54 1
457 54 1
458 54 1
459 54 1
460 54 1
461 54 1
462 54 1
463 54 1
642 54 1
643 54 1
644 54 1
645 54 1
646 54 1
647 54 1
648 54 1
732 54 1
733 54 1
55 55 1
56 55 1
460 55 1
461 55 1
462 55 1
463 55 1
464 55 1
465 55 1
466 55 1
467 55 1
638 55 1
639 55 1
640 55 1
641 55 1
642 55 1
643 55 1
644 55 1
645 55 1
732 55 1
733 55 1
55 56 1
56 56 1
464 56 1
465 56 1
466 56 1
467 56 1
468 56 1
469 56 1
470 56 1
471 56 1
634 56 1
635 56 1
636 56 1
637 56 1
638 56 1
639 56 1
640 56 1
641 56 1
733 56 1
734 56 1
56 57 1
57 57 1
468 57 1
469 57 1
470 57 1
471 57 1
472 57 1
473 57 1
474 57 1
475 57 1
630 57 1
631 57 1
632 57 1
633 57 1
634 57 1
635 57 1
636 57 1
637 57 1
734 57 1
735 57 1
56 58 1
57 58 1
472 58 1
473 58 1
474 58 1
475 58 1
476 58 1
477 58 1
478 58 1
479 58 1
626 58 1
627 58 1
628 58 1
629 58 1
630 58 1
631 58 1
632 58 1
633 58 1
734 58 1
735 58 1
57 59 1
58 59 1
476 59 1
477 59 1
478 59 1
479 59 1
480 59 1
481 59 1
482 59 1
483 59 1
484 59 1
621 59 1
622 59 1
623 59 1
624 59 1
625 59 1
626 59 1
627 59 1
628 59 1
629 59 1
735 59 1
736 59 1
58 60 1
59 60 1
480 60 1
481 60 1
482 60 1
483 60 1
484 60 1
485 60 1
486 60 1
487 60 1
488 60 1
489 60 1
616 60 1
617 60 1
618 60 1
619 60 1
620 60 1
621 60 1
622 60 1
623 60 1
624 60 1
625 60 1
736 60 1
737 60 1
58 61 1
59 61 1
485 61 1
486 61 1
487 61 1
488 61 1
489 61 1
490 61 1
491 61 1
492 61 1
493 61 1
494 61 1
495 61 1
610 61 1
611 61 1
612 61 1
613 61 1
614 61 1
615 61 1
616 61 1
617 61 1
618 61 1
619 61 1
620 61 1
737 61 1
738 61 1
58 62 1
59 62 1
490 62 1
491 62 1
492 62 1
493 62 1
494 62 1
495 62 1
496 62 1
497 62 1
498 62 1
499 62 1
500 62 1
501 62 1
604 62 1
605 62 1
606 62 1
607 62 1
608 62 1
609 62 1
610 62 1
611 62 1
612 62 1
613 62 1
614 62 1
615 62 1
737 62 1
738 62 1
59 63 1
60 63 1
496 63 1
497 63 1
498 63 1
499 63 1
500 63 1
501 63 1
502 63 1
503 63 1
504 63 1
505 63 1
506 63 1
507 63 1
508 63 1
509 63 1
596 63 1
597 63 1
598 63 1
599 63 1
600 63 1
601 63 1
602 63 1
603 63 1
604 63 1
605 63 1
606 63 1
607 63 1
608 63 1
609 63 1
738 63 1
739 63 1
59 64 1
60 64 1
502 64 1
503 64 1
504 64 1
505 64 1
506 64 1
507 64 1
508 64 1
509 64 1
510 64 1
511 64 1
512 64 1
513 64 1
514 64 1
515 64 1
516 64 1
517 64 1
518 64 1
587 64 1
588 64 1
589 64 1
590 64 1
591 64 1
592 64 1
593 64 1
594 64 1
595 64 1
596 64 1
597 64 1
598 64 1
599 64 1
600 64 1
601 64 1
602 64 1
603 64 1
739 64 1
740 64 1
60 65 1
61 65 1
510 65 1
511 65 1
512 65 1
513 65 1
514 65 1
515 65 1
516 65 1
517 65 1
518 65 1
519 65 1
520 65 1
521 65 1
522 65 1
523 65 1
524 65 1
525 65 1
526 65 1
527 65 1
528 65 1
529 65 1
530 65 1
575 65 1
576 65 1
577 65 1
578 65 1
579 65 1
580 65 1
581 65 1
582 65 1
583 65 1
584 65 1
585 65 1
586 65 1
587 65 1
588 65 1
589 65 1
590 65 1
591 65 1
592 65 1
593 65 1
594 65 1
595 65 1
740 65 1
741 65 1
60 66 1
61 66 1
519 66 1
520 66 1
521 66 1
522 66 1
523 66 1
524 66 1
525 66 1
526 66 1
527 66 1
528 66 1
529 66 1
530 66 1
531 66 1
532 66 1
533 66 1
534 66 1
535 66 1
536 66 1
537 66 1
538 66 1
539 66 1
540 66 1
541 66 1
542 66 1
543 66 1
544 66 1
545 66 1
546 66 1
547 66 1
548 66 1
549 66 1
550 66 1
551 66 1
552 66 1
553 66 1
554 66 1
555 66 1
556 66 1
557 66 1
558 66 1
559 66 1
560 66 1
561 66 1
562 66 1
563 66 1
564 66 1
565 66 1
566 66 1
567 66 1
568 66 1
569 66 1
570 66 1
571 66 1
572 66 1
573 66 1
574 66 1
575 66 1
576 66 1
577 66 1
578 66 1
579 66 1
580 66 1
581 66 1
582 66 1
583 66 1
584 66 1
585 66 1
586 66 1
741 66 1
742 66 1
61 67 1
62 67 1
531 67 1
532 67 1
533 67 1
534 67 1
535 67 1
536 67 1
537 67 1
538 67 1
539 67 1
540 67 1
541 67 1
542 67 1
543 67 1
544 67 1
545 67 1
546 67 1
547 67 1
548 67 1
549 67 1
550 67 1
551 67 1
552 67 1
553 67 1
554 67 1
555 67 1
556 67 1
557 67 1
558 67 1
559 67 1
560 67 1
561 67 1
562 67 1
563 67 1
564 67 1
565 67 1
566 67 1
567 67 1
568 67 1
569 67 1
570 67 1
571 67 1
572 67 1
573 67 1
574 67 1
741 67 1
742 67 1
61 68 1
62 68 1
742 68 1
743 68 1
62 69 1
63 69 1
743 69 1
744 69 1
62 70 1
63 70 1
744 70 1
745 70 1
62 71 1
63 71 1
745 71 1
746 71 1
63 72 1
64 72 1
745 72 1
746 72 1
63 73 1
64 73 1
746 73 1
747 73 1
63 74 1
64 74 1
747 74 1
748 74 1
64 75 1
65 75 1
748 75 1
749 75 1
64 76 1
65 76 1
749 76 1
750 76 1
64 77 1
65 77 1
750 77 1
751 77 1
65 78 1
66 78 1
750 78 1
751 78 1
65 79 1
66 79 1
751 79 1
752 79 1
65 80 1
66 80 1
752 80 1
753 80 1
66 81 1
67 81 1
753 81 1
754 81 1
66 82 1
67 82 1
754 82 1
755 82 1
66 83 1
67 83 1
755 83 1
756 83 1
67 84 1
68 84 1
756 84 1
757 84 1
67 85 1
68 85 1
757 85 1
758 85 1
67 86 1
68 86 1
758 86 1
759 86 1
67 87 1
68 87 1
759 87 1
760 87 1
68 88 1
69 88 1
760 88 1
761 88 1
68 89 1
69 89 1
760 89 1
761 89 1
68 90 1
69 90 1
761 90 1
762 90 1
68 91 1
69 91 1
762 91 1
763 91 1
68 92 1
69 92 1
763 92 1
764 92 1
69 93 1
70 93 1
764 93 1
765 93 1
69 94 1
70 94 1
765 94 1
766 94 1
69 95 1
70 95 1
766 95 1
767 95 1
69 96 1
70 96 1
767 96 1
768 96 1
69 97 1
70 97 1
768 97 1
769 97 1
70 98 1
71 98 1
769 98 1
770 98 1
70 99 1
71 99 1
770 99 1
771 99 1
772 99 1
70 100 1
71 100 1
771 100 1
772 100 1
773 100 1
70 101 1
71 101 1
773 101 1
774 101 1
70 102 1
71 102 1
774 102 1
775 102 1
70 103 1
71 103 1
775 103 1
776 103 1
70 104 1
71 104 1
776 104 1
777 104 1
70 105 1
71 105 1
777 105 1
778 105 1
70 106 1
71 106 1
778 106 1
779 106 1
71 107 1
72 107 1
779 107 1
780 107 1
71 108 1
72 108 1
780 108 1
781 108 1
71 109 1
72 109 1
781 109 1
782 109 1
783 109 1
71 110 1
72 110 1
782 110 1
783 110 1
784 110 1
71 111 1
72 111 1
784 111 1
785 111 1
71 112 1
72 112 1
785 112 1
786 112 1
71 113 1
72 113 1
786 113 1
787 113 1
71 114 1
72 114 1
787 114 1
788 114 1
71 115 1
72 115 1
788 115 1
789 115 1
790 115 1
71 116 1
72 116 1
789 116 1
790 116 1
791 116 1
71 117 1
72 117 1
791 117 1
792 117 1
71 118 1
72 118 1
792 118 1
793 118 1
72 119 1
73 119 1
793 119 1
794 119 1
795 119 1
73 120 1
74 120 1
794 120 1
795 120 1
796 120 1
74 121 1
75 121 1
76 121 1
796 121 1
797 121 1
75 122 1
76 122 1
77 122 1
797 122 1
798 122 1
77 123 1
78 123 1
798 123 1
799 123 1
800 123 1
78 124 1
79 124 1
799 124 1
800 124 1
801 124 1
79 125 1
80 125 1
801 125 1
802 125 1
80 126 1
81 126 1
82 126 1
802 126 1
803 126 1
804 126 1
81 127 1
82 127 1
83 127 1
803 127 1
804 127 1
805 127 1
83 128 1
84 128 1
805 128 1
806 128 1
807 128 1
84 129 1
85 129 1
806 129 1
807 129 1
808 129 1
85 130 1
86 130 1
808 130 1
809 130 1
86 131 1
87 131 1
809 131 1
810 131 1
811 131 1
87 132 1
88 132 1
810 132 1
811 132 1
812 132 1
88 133 1
89 133 1
812 133 1
813 133 1
814 133 1
89 134 1
90 134 1
813 134 1
814 134 1
815 134 1
90 135 1
91 135 1
815 135 1
816 135 1
817 135 1
91 136 1
92 136 1
816 136 1
817 136 1
818 136 1
92 137 1
93 137 1
818 137 1
819 137 1
820 137 1
93 138 1
94 138 1
819 138 1
820 138 1
821 138 1
93 139 1
94 139 1
821 139 1
822 139 1
823 139 1
94 140 1
95 140 1
822 140 1
823 140 1
824 140 1
95 141 1
96 141 1
824 141 1
825 141 1
826 141 1
96 142 1
97 142 1
825 142 1
826 142 1
827 142 1
828 142 1
97 143 1
98 143 1
827 143 1
828 143 1
829 143 1
97 144 1
98 144 1
829 144 1
830 144 1
831 144 1
98 145 1
99 145 1
830 145 1
831 145 1
832 145 1
833 145 1
99 146 1
100 146 1
832 146 1
833 146 1
834 146 1
100 147 1
101 147 1
834 147 1
835 147 1
836 147 1
100 148 1
101 148 1
835 148 1
836 148 1
837 148 1
838 148 1
101 149 1
102 149 1
837 149 1
838 149 1
839 149 1
840 149 1
102 150 1
103 150 1
839 150 1
840 150 1
841 150 1
842 150 1
102 151 1
103 151 1
841 151 1
842 151 1
843 151 1
103 152 1
104 152 1
843 152 1
844 152 1
845 152 1
104 153 1
105 153 1
844 153 1
845 153 1
846 153 1
847 153 1
104 154 1
105 154 1
846 154 1
847 154 1
848 154 1
849 154 1
105 155 1
106 155 1
848 155 1
849 155 1
850 155 1
851 155 1
106 156 1
107 156 1
850 156 1
851 156 1
852 156 1
853 156 1
106 157 1
107 157 1
852 157 1
853 157 1
854 157 1
855 157 1
107 158 1
108 158 1
854 158 1
855 158 1
856 158 1
857 158 1
107 159 1
108 159 1
856 159 1
857 159 1
858 159 1
859 159 1
108 160 1
109 160 1
858 160 1
859 160 1
860 160 1
861 160 1
108 161 1
109 161 1
860 161 1
861 161 1
862 161 1
863 161 1
109 162 1
110 162 1
862 162 1
863 162 1
864 162 1
865 162 1
866 162 1
109 163 1
110 163 1
864 163 1
865 163 1
866 163 1
867 163 1
868 163 1
110 164 1
111 164 1
867 164 1
868 164 1
869 164 1
870 164 1
110 165 1
111 165 1
869 165 1
870 165 1
871 165 1
872 165 1
111 166 1
112 166 1
871 166 1
872 166 1
873 166 1
874 166 1
875 166 1
111 167 1
112 167 1
873 167 1
874 167 1
875 167 1
876 167 1
877 167 1
112 168 1
113 168 1
876 168 1
877 168 1
878 168 1
879 168 1
880 168 1
112 169 1
113 169 1
878 169 1
879 169 1
880 169 1
881 169 1
882 169 1
113 170 1
114 170 1
881 170 1
882 170 1
883 170 1
884 170 1
885 170 1
113 171 1
114 171 1
883 171 1
884 171 1
885 171 1
886 171 1
887 171 1
888 171 1
113 172 1
114 172 1
886 172 1
887 172 1
888 172 1
889 172 1
890 172 1
114 173 1
115 173 1
889 173 1
890 173 1
891 173 1
892 173 1
893 173 1
114 174 1
115 174 1
891 174 1
892 174 1
893 174 1
894 174 1
895 174 1
896 174 1
114 175 1
115 175 1
894 175 1
895 175 1
896 175 1
897 175 1
898 175 1
899 175 1
115 176 1
116 176 1
897 176 1
898 176 1
899 176 1
900 176 1
901 176 1
902 176 1
115 177 1
116 177 1
900 177 1
901 177 1
902 177 1
903 177 1
904 177 1
905 177 1
116 178 1
117 178 1
903 178 1
904 178 1
905 178 1
906 178 1
907 178 1
908 178 1
116 179 1
117 179 1
906 179 1
907 179 1
908 179 1
909 179 1
910 179 1
911 179 1
912 179 1
116 180 1
117 180 1
909 180 1
910 180 1
911 180 1
912 180 1
913 180 1
914 180 1
915 180 1
116 181 1
117 181 1
913 181 1
914 181 1
915 181 1
916 181 1
917 181 1
918 181 1
919 181 1
117 182 1
118 182 1
916 182 1
917 182 1
918 182 1
919 182 1
920 182 1
921 182 1
922 182 1
923 182 1
117 183 1
118 183 1
920 183 1
921 183 1
922 183 1
923 183 1
924 183 1
925 183 1
926 183 1
927 183 1
117 184 1
118 184 1
924 184 1
925 184 1
926 184 1
927 184 1
928 184 1
929 184 1
930 184 1
931 184 1
118 185 1
119 185 1
928 185 1
929 185 1
930 185 1
931 185 1
932 185 1
933 185 1
934 185 1
935 185 1
118 186 1
119 186 1
932 186 1
933 186 1
934 186 1
935 186 1
936 186 1
937 186 1
938 186 1
939 186 1
940 186 1
118 187 1
119 187 1
936 187 1
937 187 1
938 187 1
939 187 1
940 187 1
941 187 1
942 187 1
943 187 1
944 187 1
945 187 1
118 188 1
119 188 1
941 188 1
942 188 1
943 188 1
944 188 1
945 188 1
946 188 1
947 188 1
948 188 1
949 188 1
950 188 1
951 188 1
119 189 1
120 189 1
946 189 1
947 189 1
948 189 1
949 189 1
950 189 1
951 189 1
952 189 1
953 189 1
954 189 1
955 189 1
956 189 1
957 189 1
119 190 1
120 190 1
952 190 1
953 190 1
954 190 1
955 190 1
956 190 1
957 190 1
958 190 1
959 190 1
960 190 1
961 190 1
962 190 1
963 190 1
119 191 1
120 191 1
958 191 1
959 191 1
960 191 1
961 191 1
962 191 1
963 191 1
964 191 1
965 191 1
966 191 1
967 191 1
968 191 1
969 191 1
970 191 1
971 191 1
119 192 1
120 192 1
964 192 1
965 192 1
966 192 1
967 192 1
968 192 1
969 192 1
970 192 1
971 192 1
972 192 1
973 192 1
974 192 1
975 192 1
976 192 1
977 192 1
978 192 1
979 192 1
980 192 1
981 192 1
119 193 1
120 193 1
972 193 1
973 193 1
974 193 1
975 193 1
976 193 1
977 193 1
978 193 1
979 193 1
980 193 1
981 193 1
982 193 1
983 193 1
984 193 1
985 193 1
986 193 1
987 193 1
988 193 1
989 193 1
990 193 1
991 193 1
992 193 1
993 193 1
994 193 1
995 193 1
996 193 1
997 193 1
120 194 1
121 194 1
982 194 1
983 194 1
984 194 1
985 194 1
986 194 1
987 194 1
988 194 1
989 194 1
990 194 1
991 194 1
992 194 1
993 194 1
994 194 1
995 194 1
996 194 1
997 194 1
998 194 1
999 194 1
120 195 1
121 195 1
998 195 1
999 195 1
120 196 1
121 196 1
998 196 1
999 196 1
120 197 1
121 197 1
998 197 1
999 197 1
120 198 1
121 198 1
997 198 1
998 198 1
120 199 1
121 199 1
996 199 1
997 199 1
120 200 1
121 200 1
996 200 1
997 200 1
121 201 1
122 201 1
995 201 1
996 201 1
121 202 1
122 202 1
995 202 1
996 202 1
121 203 1
122 203 1
994 203 1
995 203 1
121 204 1
122 204 1
994 204 1
995 204 1
121 205 1
122 205 1
993 205 1
994 205 1
121 206 1
122 206 1
992 206 1
993 206 1
121 207 1
122 207 1
992 207 1
993 207 1
121 208 1
122 208 1
991 208 1
992 208 1
121 209 1
122 209 1
991 209 1
992 209 1
121 210 1
122 210 1
990 210 1
991 210 1
121 211 1
122 211 1
989 211 1
990 211 1
121 212 1
122 212 1
989 212 1
990 212 1
121 213 1
122 213 1
988 213 1
989 213 1
121 214 1
122 214 1
988 214 1
989 214 1
121 215 1
122 215 1
987 215 1
988 215 1
121 216 1
122 216 1
987 216 1
988 216 1
121 217 1
122 217 1
986 217 1
987 217 1
121 218 1
122 218 1
985 218 1
986 218 1
121 219 1
122 219 1
985 219 1
986 219 1
121 220 1
122 220 1
984 220 1
985 220 1
121 221 1
122 221 1
984 221 1
985 221 1
121 222 1
122 222 1
983 222 1
984 222 1
121 223 1
122 223 1
983 223 1
984 223 1
120 224 1
121 224 1
982 224 1
983 224 1
120 225 1
121 225 1
982 225 1
983 225 1
120 226 1
121 226 1
981 226 1
982 226 1
120 227 1
121 227 1
981 227 1
982 227 1
121 228 1
122 228 1
980 228 1
981 228 1
122 229 1
123 229 1
979 229 1
980 229 1
123 230 1
124 230 1
125 230 1
979 230 1
980 230 1
124 231 1
125 231 1
126 231 1
978 231 1
979 231 1
126 232 1
127 232 1
128 232 1
978 232 1
979 232 1
127 233 1
128 233 1
129 233 1
977 233 1
978 233 1
129 234 1
130 234 1
977 234 1
978 234 1
130 235 1
131 235 1
132 235 1
976 235 1
977 235 1
131 236 1
132 236 1
133 236 1
976 236 1
977 236 1
133 237 1
134 237 1
975 237 1
976 237 1
134 238 1
135 238 1
975 238 1
976 238 1
135 239 1
136 239 1
137 239 1
974 239 1
975 239 1
136 240 1
137 240 1
138 240 1
974 240 1
975 240 1
138 241 1
139 241 1
973 241 1
974 241 1
139 242 1
140 242 1
973 242 1
974 242 1
140 243 1
141 243 1
142 243 1
972 243 1
973 243 1
141 244 1
142 244 1
143 244 1
972 244 1
973 244 1
143 245 1
144 245 1
971 245 1
972 245 1
144 246 1
145 246 1
971 246 1
972 246 1
145 247 1
146 247 1
147 247 1
970 247 1
971 247 1
146 248 1
147 248 1
148 248 1
970 248 1
971 248 1
148 249 1
149 249 1
969 249 1
970 249 1
149 250 1
150 250 1
969 250 1
970 250 1
150 251 1
151 251 1
968 251 1
969 251 1
151 252 1
152 252 1
968 252 1
969 252 1
152 253 1
153 253 1
967 253 1
968 253 1
153 254 1
154 254 1
155 254 1
967 254 1
968 254 1
154 255 1
155 255 1
156 255 1
966 255 1
967 255 1
156 256 1
157 256 1
966 256 1
967 256 1
157 257 1
158 257 1
965 257 1
966 257 1
158 258 1
159 258 1
965 258 1
966 258 1
159 259 1
160 259 1
965 259 1
966 259 1
160 260 1
161 260 1
964 260 1
965 260 1
161 261 1
162 261 1
964 261 1
965 261 1
162 262 1
163 262 1
963 262 1
964 262 1
163 263 1
164 263 1
963 263 1
964 263 1
164 264 1
165 264 1
962 264 1
963 264 1
165 265 1
166 265 1
962 265 1
963 265 1
166 266 1
167 266 1
961 266 1
962 266 1
167 267 1
168 267 1
961 267 1
962 267 1
168 268 1
169 268 1
960 268 1
961 268 1
169 269 1
170 269 1
960 269 1
961 269 1
170 270 1
171 270 1
960 270 1
961 270 1
171 271 1
172 271 1
959 271 1
960 271 1
172 272 1
173 272 1
959 272 1
960 272 1
173 273 1
174 273 1
958 273 1
959 273 1
174 274 1
175 274 1
958 274 1
959 274 1
175 275 1
176 275 1
957 275 1
958 275 1
176 276 1
177 276 1
957 276 1
958 276 1
177 277 1
178 277 1
957 277 1
958 277 1
178 278 1
179 278 1
956 278 1
957 278 1
179 279 1
180 279 1
956 279 1
957 279 1
180 280 1
181 280 1
955 280 1
956 280 1
181 281 1
182 281 1
955 281 1
956 281 1
182 282 1
183 282 1
954 282 1
955 282 1
183 283 1
184 283 1
954 283 1
955 283 1
184 284 1
185 284 1
954 284 1
955 284 1
184 285 1
185 285 1
953 285 1
954 285 1
185 286 1
186 286 1
953 286 1
954 286 1
186 287 1
187 287 1
952 287 1
953 287 1
187 288 1
188 288 1
952 288 1
953 288 1
188 289 1
189 289 1
952 289 1
953 289 1
189 290 1
190 290 1
951 290 1
952 290 1
190 291 1
191 291 1
951 291 1
952 291 1
191 292 1
192 292 1
950 292 1
951 292 1
191 293 1
192 293 1
950 293 1
951 293 1
192 294 1
193 294 1
950 294 1
951 294 1
193 295 1
194 295 1
949 295 1
950 295 1
194 296 1
195 296 1
949 296 1
950 296 1
195 297 1
196 297 1
948 297 1
949 297 1
196 298 1
197 298 1
948 298 1
949 298 1
196 299 1
197 299 1
948 299 1
949 299 1
197 300 1
198 300 1
947 300 1
948 300 1
198 301 1
199 301 1
947 301 1
948 301 1
199 302 1
200 302 1
947 302 1
948 302 1
200 303 1
201 303 1
946 303 1
947 303 1
200 304 1
201 304 1
946 304 1
947 304 1
201 305 1
202 305 1
946 305 1
947 305 1
202 306 1
203 306 1
945 306 1
946 306 1
203 307 1
204 307 1
945 307 1
946 307 1
203 308 1
204 308 1
945 308 1
946 308 1
204 309 1
205 309 1
944 309 1
945 309 1
205 310 1
206 310 1
944 310 1
945 310 1
206 311 1
207 311 1
944 311 1
945 311 1
206 312 1
207 312 1
943 312 1
944 312 1
207 313 1
208 313 1
943 313 1
944 313 1
208 314 1
209 314 1
943 314 1
944 314 1
209 315 1
210 315 1
942 315 1
943 315 1
209 316 1
210 316 1
942 316 1
943 316 1
210 317 1
211 317 1
942 317 1
943 317 1
211 318 1
212 318 1
941 318 1
942 318 1
211 319 1
212 319 1
941 319 1
942 319 1
212 320 1
213 320 1
941 320 1
942 320 1
213 321 1
214 321 1
940 321 1
941 321 1
213 322 1
214 322 1
940 322 1
941 322 1
214 323 1
215 323 1
940 323 1
941 323 1
215 324 1
216 324 1
939 324 1
940 324 1
215 325 1
216 325 1
939 325 1
940 325 1
216 326 1
217 326 1
939 326 1
940 326 1
217 327 1
218 327 1
939 327 1
940 327 1
217 328 1
218 328 1
938 328 1
939 328 1
218 329 1
219 329 1
938 329 1
939 329 1
219 330 1
220 330 1
938 330 1
939 330 1
219 331 1
220 331 1
937 331 1
938 331 1
220 332 1
221 332 1
937 332 1
938 332 1
221 333 1
222 333 1
937 333 1
938 333 1
221 334 1
222 334 1
937 334 1
938 334 1
222 335 1
223 335 1
936 335 1
937 335 1
223 336 1
224 336 1
936 336 1
937 336 1
223 337 1
224 337 1
936 337 1
937 337 1
224 338 1
225 338 1
936 338 1
937 338 1
224 339 1
225 339 1
935 339 1
936 339 1
225 340 1
226 340 1
935 340 1
936 340 1
226 341 1
227 341 1
935 341 1
936 341 1
226 342 1
227 342 1
934 342 1
935 342 1
227 343 1
228 343 1
934 343 1
935 343 1
227 344 1
228 344 1
934 344 1
935 344 1
228 345 1
229 345 1
934 345 1
935 345 1
229 346 1
230 346 1
933 346 1
934 346 1
229 347 1
230 347 1
933 347 1
934 347 1
230 348 1
231 348 1
933 348 1
934 348 1
230 349 1
231 349 1
933 349 1
934 349 1
231 350 1
232 350 1
932 350 1
933 350 1
231 351 1
232 351 1
932 351 1
933 351 1
232 352 1
233 352 1
932 352 1
933 352 1
232 353 1
233 353 1
932 353 1
933 353 1
233 354 1
234 354 1
932 354 1
933 354 1
234 355 1
235 355 1
931 355 1
932 355 1
234 356 1
235 356 1
931 356 1
932 356 1
235 357 1
236 357 1
931 357 1
932 357 1
235 358 1
236 358 1
931 358 1
932 358 1
236 359 1
237 359 1
930 359 1
931 359 1
236 360 1
237 360 1
930 360 1
931 360 1
237 361 1
238 361 1
930 361 1
931 361 1
237 362 1
238 362 1
930 362 1
931 362 1
238 363 1
239 363 1
930 363 1
931 363 1
238 364 1
239 364 1
929 364 1
930 364 1
239 365 1
240 365 1
929 365 1
930 365 1
239 366 1
240 366 1
929 366 1
930 366 1
240 367 1
241 367 1
929 367 1
930 367 1
240 368 1
241 368 1
929 368 1
930 368 1
241 369 1
242 369 1
928 369 1
929 369 1
241 370 1
242 370 1
928 370 1
929 370 1
242 371 1
243 371 1
928 371 1
929 371 1
242 372 1
243 372 1
928 372 1
929 372 1
243 373 1
244 373 1
928 373 1
929 373 1
243 374 1
244 374 1
927 374 1
928 374 1
243 375 1
244 375 1
927 375 1
928 375 1
244 376 1
245 376 1
927 376 1
928 376 1
244 377 1
245 377 1
927 377 1
928 377 1
245 378 1
246 378 1
927 378 1
928 378 1
245 379 1
246 379 1
926 379 1
927 379 1
246 380 1
247 380 1
926 380 1
927 380 1
246 381 1
247 381 1
926 381 1
927 381 1
247 382 1
248 382 1
926 382 1
927 382 1
247 383 1
248 383 1
926 383 1
927 383 1
247 384 1
248 384 1
926 384 1
927 384 1
248 385 1
249 385 1
925 385 1
926 385 1
248 386 1
249 386 1
925 386 1
926 386 1
249 387 1
250 387 1
925 387 1
926 387 1
249 388 1
250 388 1
925 388 1
926 388 1
249 389 1
250 389 1
925 389 1
926 389 1
250 390 1
251 390 1
925 390 1
926 390 1
250 391 1
251 391 1
925 391 1
926 391 1
251 392 1
252 392 1
924 392 1
925 392 1
251 393 1
252 393 1
924 393 1
925 393 1
251 394 1
252 394 1
924 394 1
925 394 1
252 395 1
253 395 1
924 395 1
925 395 1
252 396 1
253 396 1
924 396 1
925 396 1
253 397 1
254 397 1
924 397 1
925 397 1
253 398 1
254 398 1
924 398 1
925 398 1
253 399 1
254 399 1
923 399 1
924 399 1
254 400 1
255 400 1
923 400 1
924 400 1
254 401 1
255 401 1
923 401 1
924 401 1
254 402 1
255 402 1
923 402 1
924 402 1
255 403 1
256 403 1
923 403 1
924 403 1
255 404 1
256 404 1
923 404 1
924 404 1
256 405 1
257 405 1
923 405 1
924 405 1
256 406 1
257 406 1
922 406 1
923 406 1
256 407 1
257 407 1
922 407 1
923 407 1
257 408 1
258 408 1
922 408 1
923 408 1
257 409 1
258 409 1
922 409 1
923 409 1
257 410 1
258 410 1
922 410 1
923 410 1
258 411 1
259 411 1
922 411 1
923 411 1
258 412 1
259 412 1
922 412 1
923 412 1
258 413 1
259 413 1
922 413 1
923 413 1
259 414 1
260 414 1
922 414 1
923 414 1
259 415 1
260 415 1
922 415 1
923 415 1
259 416 1
260 416 1
921 416 1
922 416 1
259 417 1
260 417 1
921 417 1
922 417 1
260 418 1
261 418 1
921 418 1
922 418 1
260 419 1
261 419 1
921 419 1
922 419 1
260 420 1
261 420 1
921 420 1
922 420 1
261 421 1
262 421 1
921 421 1
922 421 1
261 422 1
262 422 1
921 422 1
922 422 1
261 423 1
262 423 1
921 423 1
922 423 1
262 424 1
263 424 1
921 424 1
922 424 1
262 425 1
263 425 1
921 425 1
922 425 1
262 426 1
263 426 1
921 426 1
922 426 1
262 427 1
263 427 1
920 427 1
921 427 1
263 428 1
264 428 1
920 428 1
921 428 1
263 429 1
264 429 1
920 429 1
921 429 1
263 430 1
264 430 1
920 430 1
921 430 1
263 431 1
264 431 1
920 431 1
921 431 1
264 432 1
265 432 1
920 432 1
921 432 1
264 433 1
265 433 1
920 433 1
921 433 1
264 434 1
265 434 1
920 434 1
921 434 1
265 435 1
266 435 1
920 435 1
921 435 1
265 436 1
266 436 1
920 436 1
921 436 1
265 437 1
266 437 1
920 437 1
921 437 1
265 438 1
266 438 1
920 438 1
921 438 1
265 439 1
266 439 1
920 439 1
921 439 1
266 440 1
267 440 1
920 440 1
921 440 1
266 441 1
267 441 1
920 441 1
921 441 1
266 442 1
267 442 1
920 442 1
921 442 1
266 443 1
267 443 1
920 443 1
921 443 1
267 444 1
268 444 1
919 444 1
920 444 1
267 445 1
268 445 1
919 445 1
920 445 1
267 446 1
268 446 1
919 446 1
920 446 1
267 447 1
268 447 1
919 447 1
920 447 1
268 448 1
269 448 1
919 448 1
920 448 1
268 449 1
269 449 1
919 449 1
920 449 1
268 450 1
269 450 1
919 450 1
920 450 1
268 451 1
269 451 1
919 451 1
920 451 1
268 452 1
269 452 1
919 452 1
920 452 1
269 453 1
270 453 1
919 453 1
920 453 1
269 454 1
270 454 1
919 454 1
920 454 1
269 455 1
270 455 1
919 455 1
920 455 1
269 456 1
270 456 1
919 456 1
920 456 1
269 457 1
270 457 1
919 457 1
920 457 1
269 458 1
270 458 1
919 458 1
920 458 1
270 459 1
271 459 1
919 459 1
920 459 1
270 460 1
271 460 1
919 460 1
920 460 1
270 461 1
271 461 1
919 461 1
920 461 1
270 462 1
271 462 1
919 462 1
920 462 1
270 463 1
271 463 1
919 463 1
920 463 1
270 464 1
271 464 1
919 464 1
920 464 1
271 465 1
272 465 1
919 465 1
920 465 1
271 466 1
272 466 1
919 466 1
920 466 1
271 467 1
272 467 1
919 467 1
920 467 1
271 468 1
272 468 1
919 468 1
920 468 1
271 469 1
272 469 1
919 469 1
920 469 1
271 470 1
272 470 1
919 470 1
920 470 1
272 471 1
273 471 1
919 471 1
920 471 1
272 472 1
273 472 1
919 472 1
920 472 1
272 473 1
273 473 1
919 473 1
920 473 1
272 474 1
273 474 1
919 474 1
920 474 1
272 475 1
273 475 1
919 475 1
920 475 1
272 476 1
273 476 1
919 476 1
920 476 1
272 477 1
273 477 1
919 477 1
920 477 1
272 478 1
273 478 1
919 478 1
920 478 1
273 479 1
274 479 1
919 479 1
920 479 1
273 480 1
274 480 1
919 480 1
920 480 1
273 481 1
274 481 1
919 481 1
920 481 1
273 482 1
274 482 1
919 482 1
920 482 1
273 483 1
274 483 1
919 483 1
920 483 1
273 484 1
274 484 1
920 484 1
921 484 1
273 485 1
274 485 1
920 485 1
921 485 1
273 486 1
274 486 1
920 486 1
921 486 1
273 487 1
274 487 1
920 487 1
921 487 1
273 488 1
274 488 1
920 488 1
921 488 1
274 489 1
275 489 1
920 489 1
921 489 1
274 490 1
275 490 1
920 490 1
921 490 1
274 491 1
275 491 1
920 491 1
921 491 1
274 492 1
275 492 1
920 492 1
921 492 1
274 493 1
275 493 1
920 493 1
921 493 1
274 494 1
275 494 1
920 494 1
921 494 1
274 495 1
275 495 1
920 495 1
921 495 1
274 496 1
275 496 1
920 496 1
921 496 1
274 497 1
275 497 1
920 497 1
921 497 1
274 498 1
275 498 1
920 498 1
921 498 1
274 499 1
275 499 1
920 499 1
921 499 1
274 500 1
275 500 1
920 500 1
921 500 1
274 501 1
275 501 1
921 501 1
922 501 1
274 502 1
275 502 1
921 502 1
922 502 1
274 503 1
275 503 1
921 503 1
922 503 1
275 504 1
276 504 1
921 504 1
922 504 1
275 505 1
276 505 1
921 505 1
922 505 1
275 506 1
276 506 1
921 506 1
922 506 1
275 507 1
276 507 1
921 507 1
922 507 1
275 508 1
276 508 1
921 508 1
922 508 1
275 509 1
276 509 1
921 509 1
922 509 1
275 510 1
276 510 1
921 510 1
922 510 1
275 511 1
276 511 1
921 511 1
922 511 1
275 512 1
276 512 1
921 512 1
922 512 1
275 513 1
276 513 1
922 513 1
923 513 1
275 514 1
276 514 1
922 514 1
923 514 1
275 515 1
276 515 1
922 515 1
923 515 1
275 516 1
276 516 1
922 516 1
923 516 1
275 517 1
276 517 1
922 517 1
923 517 1
275 518 1
276 518 1
922 518 1
923 518 1
275 519 1
276 519 1
922 519 1
923 519 1
275 520 1
276 520 1
922 520 1
923 520 1
275 521 1
276 521 1
922 521 1
923 521 1
275 522 1
276 522 1
923 522 1
924 522 1
275 523 1
276 523 1
923 523 1
924 523 1
275 524 1
276 524 1
923 524 1
924 524 1
275 525 1
276 525 1
923 525 1
924 525 1
275 526 1
276 526 1
923 526 1
924 526 1
275 527 1
276 527 1
923 527 1
924 527 1
275 528 1
276 528 1
923 528 1
924 528 1
274 529 1
275 529 1
923 529 1
924 529 1
274 530 1
275 530 1
924 530 1
925 530 1
274 531 1
275 531 1
924 531 1
925 531 1
274 532 1
275 532 1
924 532 1
925 532 1
274 533 1
275 533 1
924 533 1
925 533 1
274 534 1
275 534 1
924 534 1
925 534 1
274 535 1
275 535 1
924 535 1
925 535 1
274 536 1
275 536 1
924 536 1
925 536 1
274 537 1
275 537 1
925 537 1
926 537 1
274 538 1
275 538 1
925 538 1
926 538 1
274 539 1
275 539 1
925 539 1
926 539 1
274 540 1
275 540 1
925 540 1
926 540 1
274 541 1
275 541 1
925 541 1
926 541 1
274 542 1
275 542 1
925 542 1
926 542 1
274 543 1
275 543 1
926 543 1
927 543 1
274 544 1
275 544 1
926 544 1
927 544 1
274 545 1
275 545 1
926 545 1
927 545 1
273 546 1
274 546 1
926 546 1
927 546 1
273 547 1
274 547 1
926 547 1
927 547 1
273 548 1
274 548 1
926 548 1
927 548 1
273 549 1
274 549 1
927 549 1
928 549 1
273 550 1
274 550 1
927 550 1
928 550 1
273 551 1
274 551 1
927 551 1
928 551 1
273 552 1
274 552 1
927 552 1
928 552 1
273 553 1
274 553 1
927 553 1
928 553 1
273 554 1
274 554 1
928 554 1
929 554 1
273 555 1
274 555 1
928 555 1
929 555 1
273 556 1
274 556 1
928 556 1
929 556 1
272 557 1
273 557 1
928 557 1
929 557 1
272 558 1
273 558 1
928 558 1
929 558 1
272 559 1
273 559 1
929 559 1
930 559 1
272 560 1
273 560 1
929 560 1
930 560 1
272 561 1
273 561 1
929 561 1
930 561 1
272 562 1
273 562 1
929 562 1
930 562 1
272 563 1
273 563 1
274 563 1
275 563 1
276 563 1
277 563 1
278 563 1
279 563 1
280 563 1
281 563 1
282 563 1
283 563 1
929 563 1
930 563 1
273 564 1
274 564 1
275 564 1
276 564 1
277 564 1
278 564 1
279 564 1
280 564 1
281 564 1
282 564 1
283 564 1
284 564 1
285 564 1
286 564 1
287 564 1
288 564 1
289 564 1
290 564 1
291 564 1
292 564 1
293 564 1
294 564 1
295 564 1
296 564 1
297 564 1
298 564 1
930 564 1
931 564 1
284 565 1
285 565 1
286 565 1
287 565 1
288 565 1
289 565 1
290 565 1
291 565 1
292 565 1
293 565 1
294 565 1
295 565 1
296 565 1
297 565 1
298 565 1
299 565 1
300 565 1
301 565 1
302 565 1
303 565 1
304 565 1
305 565 1
306 565 1
307 565 1
308 565 1
309 565 1
310 565 1
311 565 1
930 565 1
931 565 1
299 566 1
300 566 1
301 566 1
302 566 1
303 566 1
304 566 1
305 566 1
306 566 1
307 566 1
308 566 1
309 566 1
310 566 1
311 566 1
312 566 1
313 566 1
314 566 1
315 566 1
316 566 1
317 566 1
318 566 1
319 566 1
320 566 1
321 566 1
322 566 1
930 566 1
931 566 1
312 567 1
313 567 1
314 567 1
315 567 1
316 567 1
317 567 1
318 567 1
319 567 1
320 567 1
321 567 1
322 567 1
323 567 1
324 567 1
325 567 1
326 567 1
327 567 1
328 567 1
329 567 1
330 567 1
331 567 1
930 567 1
931 567 1
323 568 1
324 568 1
325 568 1
326 568 1
327 568 1
328 568 1
329 568 1
330 568 1
331 568 1
332 568 1
333 568 1
334 568 1
335 568 1
336 568 1
337 568 1
338 568 1
339 568 1
340 568 1
930 568 1
931 568 1
332 569 1
333 569 1
334 569 1
335 569 1
336 569 1
337 569 1
338 569 1
339 569 1
340 569 1
341 569 1
342 569 1
343 569 1
344 569 1
345 569 1
346 569 1
347 569 1
348 569 1
931 569 1
932 569 1
341 570 1
342 570 1
343 570 1
344 570 1
345 570 1
346 570 1
347 570 1
348 570 1
349 570 1
350 570 1
351 570 1
352 570 1
353 570 1
354 570 1
355 570 1
356 570 1
931 570 1
932 570 1
349 571 1
350 571 1
351 571 1
352 571 1
353 571 1
354 571 1
355 571 1
356 571 1
357 571 1
358 571 1
359 571 1
360 571 1
361 571 1
362 571 1
363 571 1
931 571 1
932 571 1
357 572 1
358 572 1
359 572 1
360 572 1
361 572 1
362 572 1
363 572 1
364 572 1
365 572 1
366 572 1
367 572 1
368 572 1
369 572 1
370 572 1
931 572 1
932 572 1
364 573 1
365 573 1
366 573 1
367 573 1
368 573 1
369 573 1
370 573 1
371 573 1
372 573 1
373 573 1
374 573 1
375 573 1
376 573 1
932 573 1
933 573 1
371 574 1
372 574 1
373 574 1
374 574 1
375 574 1
376 574 1
377 574 1
378 574 1
379 574 1
380 574 1
381 574 1
382 574 1
932 574 1
933 574 1
377 575 1
378 575 1
379 575 1
380 575 1
381 575 1
382 575 1
383 575 1
384 575 1
385 575 1
386 575 1
387 575 1
388 575 1
932 575 1
933 575 1
383 576 1
384 576 1
385 576 1
386 576 1
387 576 1
388 576 1
389 576 1
390 576 1
391 576 1
392 576 1
393 576 1
394 576 1
932 576 1
933 576 1
389 577 1
390 577 1
391 577 1
392 577 1
393 577 1
394 577 1
395 577 1
396 577 1
397 577 1
398 577 1
399 577 1
932 577 1
933 577 1
395 578 1
396 578 1
397 578 1
398 578 1
399 578 1
400 578 1
401 578 1
402 578 1
933 578 1
934 578 1
400 579 1
401 579 1
402 579 1
403 579 1
404 579 1
405 579 1
406 579 1
933 579 1
934 579 1
403 580 1
404 580 1
405 580 1
406 580 1
407 580 1
408 580 1
409 580 1
933 580 1
934 580 1
407 581 1
408 581 1
409 581 1
410 581 1
411 581 1
412 581 1
413 581 1
933 581 1
934 581 1
410 582 1
411 582 1
412 582 1
413 582 1
414 582 1
415 582 1
416 582 1
934 582 1
935 582 1
414 583 1
415 583 1
416 583 1
417 583 1
418 583 1
419 583 1
934 583 1
935 583 1
417 584 1
418 584 1
419 584 1
420 584 1
421 584 1
422 584 1
934 584 1
935 584 1
420 585 1
421 585 1
422 585 1
423 585 1
424 585 1
425 585 1
934 585 1
935 585 1
423 586 1
424 586 1
425 586 1
426 586 1
427 586 1
428 586 1
935 586 1
936 586 1
426 587 1
427 587 1
428 587 1
429 587 1
430 587 1
431 587 1
935 587 1
936 587 1
429 588 1
430 588 1
431 588 1
432 588 1
433 588 1
434 588 1
935 588 1
936 588 1
432 589 1
433 589 1
434 589 1
435 589 1
436 589 1
437 589 1
935 589 1
936 589 1
435 590 1
436 590 1
437 590 1
438 590 1
439 590 1
440 590 1
936 590 1
937 590 1
438 591 1
439 591 1
440 591 1
441 591 1
442 591 1
936 591 1
937 591 1
441 592 1
442 592 1
443 592 1
444 592 1
445 592 1
936 592 1
937 592 1
443 593 1
444 593 1
445 593 1
446 593 1
447 593 1
937 593 1
938 593 1
446 594 1
447 594 1
448 594 1
449 594 1
450 594 1
937 594 1
938 594 1
448 595 1
449 595 1
450 595 1
451 595 1
452 595 1
937 595 1
938 595 1
451 596 1
452 596 1
453 596 1
454 596 1
455 596 1
937 596 1
938 596 1
453 597 1
454 597 1
455 597 1
456 597 1
457 597 1
938 597 1
939 597 1
456 598 1
457 598 1
458 598 1
459 598 1
460 598 1
938 598 1
939 598 1
458 599 1
459 599 1
460 599 1
461 599 1
462 599 1
938 599 1
939 599 1
461 600 1
462 600 1
463 600 1
464 600 1
939 600 1
940 600 1
463 601 1
464 601 1
465 601 1
466 601 1
939 601 1
940 601 1
465 602 1
466 602 1
467 602 1
468 602 1
469 602 1
939 602 1
940 602 1
467 603 1
468 603 1
469 603 1
470 603 1
471 603 1
939 603 1
940 603 1
470 604 1
471 604 1
472 604 1
473 604 1
940 604 1
941 604 1
472 605 1
473 605 1
474 605 1
475 605 1
940 605 1
941 605 1
474 606 1
475 606 1
476 606 1
477 606 1
940 606 1
941 606 1
476 607 1
477 607 1
478 607 1
479 607 1
941 607 1
942 607 1
478 608 1
479 608 1
480 608 1
481 608 1
941 608 1
942 608 1
480 609 1
481 609 1
482 609 1
483 609 1
941 609 1
942 609 1
482 610 1
483 610 1
484 610 1
485 610 1
942 610 1
943 610 1
484 611 1
485 611 1
486 611 1
487 611 1
942 611 1
943 611 1
486 612 1
487 612 1
488 612 1
489 612 1
942 612 1
943 612 1
488 613 1
489 613 1
490 613 1
491 613 1
942 613 1
943 613 1
490 614 1
491 614 1
492 614 1
493 614 1
943 614 1
944 614 1
492 615 1
493 615 1
494 615 1
495 615 1
943 615 1
944 615 1
494 616 1
495 616 1
496 616 1
497 616 1
943 616 1
944 616 1
496 617 1
497 617 1
498 617 1
944 617 1
945 617 1
498 618 1
499 618 1
500 618 1
944 618 1
945 618 1
499 619 1
500 619 1
501 619 1
502 619 1
944 619 1
945 619 1
501 620 1
502 620 1
503 620 1
504 620 1
945 620 1
946 620 1
503 621 1
504 621 1
505 621 1
945 621 1
946 621 1
505 622 1
506 622 1
507 622 1
945 622 1
946 622 1
506 623 1
507 623 1
508 623 1
509 623 1
946 623 1
947 623 1
508 624 1
509 624 1
510 624 1
946 624 1
947 624 1
510 625 1
511 625 1
512 625 1
947 625 1
948 625 1
511 626 1
512 626 1
513 626 1
514 626 1
947 626 1
948 626 1
513 627 1
514 627 1
515 627 1
947 627 1
948 627 1
515 628 1
516 628 1
517 628 1
948 628 1
949 628 1
516 629 1
517 629 1
518 629 1
519 629 1
948 629 1
949 629 1
518 630 1
519 630 1
520 630 1
948 630 1
949 630 1
520 631 1
521 631 1
522 631 1
949 631 1
950 631 1
521 632 1
522 632 1
523 632 1
949 632 1
950 632 1
523 633 1
524 633 1
525 633 1
949 633 1
950 633 1
524 634 1
525 634 1
526 634 1
950 634 1
951 634 1
526 635 1
527 635 1
528 635 1
950 635 1
951 635 1
527 636 1
528 636 1
529 636 1
950 636 1
951 636 1
529 637 1
530 637 1
531 637 1
951 637 1
952 637 1
530 638 1
531 638 1
532 638 1
951 638 1
952 638 1
532 639 1
533 639 1
534 639 1
952 639 1
953 639 1
533 640 1
534 640 1
535 640 1
952 640 1
953 640 1
535 641 1
536 641 1
537 641 1
952 641 1
953 641 1
536 642 1
537 642 1
538 642 1
953 642 1
954 642 1
538 643 1
539 643 1
953 643 1
954 643 1
539 644 1
540 644 1
541 644 1
954 644 1
955 644 1
540 645 1
541 645 1
542 645 1
954 645 1
955 645 1
542 646 1
543 646 1
544 646 1
954 646 1
955 646 1
543 647 1
544 647 1
545 647 1
955 647 1
956 647 1
545 648 1
546 648 1
955 648 1
956 648 1
546 649 1
547 649 1
548 649 1
956 649 1
957 649 1
547 650 1
548 650 1
549 650 1
956 650 1
957 650 1
549 651 1
550 651 1
956 651 1
957 651 1
550 652 1
551 652 1
552 652 1
957 652 1
958 652 1
551 653 1
552 653 1
553 653 1
957 653 1
958 653 1
553 654 1
554 654 1
958 654 1
959 654 1
554 655 1
555 655 1
958 655 1
959 655 1
555 656 1
556 656 1
557 656 1
959 656 1
960 656 1
556 657 1
557 657 1
558 657 1
959 657 1
960 657 1
558 658 1
559 658 1
959 658 1
960 658 1
559 659 1
560 659 1
960 659 1
961 659 1
560 660 1
561 660 1
562 660 1
960 660 1
961 660 1
561 661 1
562 661 1
563 661 1
961 661 1
962 661 1
563 662 1
564 662 1
961 662 1
962 662 1
564 663 1
565 663 1
962 663 1
963 663 1
565 664 1
566 664 1
962 664 1
963 664 1
566 665 1
567 665 1
962 665 1
963 665 1
567 666 1
568 666 1
569 666 1
963 666 1
964 666 1
568 667 1
569 667 1
570 667 1
963 667 1
964 667 1
570 668 1
571 668 1
964 668 1
965 668 1
571 669 1
572 669 1
964 669 1
965 669 1
572 670 1
573 670 1
965 670 1
966 670 1
573 671 1
574 671 1
965 671 1
966 671 1
574 672 1
575 672 1
966 672 1
967 672 1
575 673 1
576 673 1
577 673 1
966 673 1
967 673 1
576 674 1
577 674 1
578 674 1
967 674 1
968 674 1
578 675 1
579 675 1
967 675 1
968 675 1
579 676 1
580 676 1
968 676 1
969 676 1
580 677 1
581 677 1
968 677 1
969 677 1
581 678 1
582 678 1
968 678 1
969 678 1
582 679 1
583 679 1
969 679 1
970 679 1
583 680 1
584 680 1
969 680 1
970 680 1
584 681 1
585 681 1
970 681 1
971 681 1
585 682 1
586 682 1
970 682 1
971 682 1
586 683 1
587 683 1
971 683 1
972 683 1
587 684 1
588 684 1
971 684 1
972 684 1
588 685 1
589 685 1
972 685 1
973 685 1
589 686 1
590 686 1
972 686 1
973 686 1
590 687 1
591 687 1
973 687 1
974 687 1
591 688 1
592 688 1
973 688 1
974 688 1
592 689 1
593 689 1
974 689 1
975 689 1
593 690 1
594 690 1
974 690 1
975 690 1
594 691 1
595 691 1
975 691 1
976 691 1
595 692 1
596 692 1
976 692 1
977 692 1
596 693 1
597 693 1
976 693 1
977 693 1
597 694 1
598 694 1
977 694 1
978 694 1
598 695 1
599 695 1
977 695 1
978 695 1
599 696 1
600 696 1
978 696 1
979 696 1
600 697 1
601 697 1
978 697 1
979 697 1
601 698 1
602 698 1
979 698 1
980 698 1
602 699 1
603 699 1
979 699 1
980 699 1
603 700 1
604 700 1
980 700 1
981 700 1
604 701 1
605 701 1
980 701 1
981 701 1
604 702 1
605 702 1
981 702 1
982 702 1
605 703 1
606 703 1
981 703 1
982 703 1
606 704 1
607 704 1
982 704 1
983 704 1
607 705 1
608 705 1
983 705 1
984 705 1
608 706 1
609 706 1
983 706 1
984 706 1
609 707 1
610 707 1
984 707 1
985 707 1
610 708 1
611 708 1
984 708 1
985 708 1
611 709 1
612 709 1
985 709 1
986 709 1
611 710 1
612 710 1
985 710 1
986 710 1
612 711 1
613 711 1
986 711 1
987 711 1
613 712 1
614 712 1
987 712 1
988 712 1
614 713 1
615 713 1
987 713 1
988 713 1
615 714 1
616 714 1
988 714 1
989 714 1
616 715 1
617 715 1
988 715 1
989 715 1
617 716 1
618 716 1
987 716 1
988 716 1
617 717 1
618 717 1
987 717 1
988 717 1
618 718 1
619 718 1
986 718 1
987 718 1
619 719 1
620 719 1
986 719 1
987 719 1
620 720 1
621 720 1
986 720 1
987 720 1
621 721 1
622 721 1
985 721 1
986 721 1
621 722 1
622 722 1
985 722 1
986 722 1
622 723 1
623 723 1
984 723 1
985 723 1
623 724 1
624 724 1
984 724 1
985 724 1
624 725 1
625 725 1
984 725 1
985 725 1
624 726 1
625 726 1
983 726 1
984 726 1
625 727 1
626 727 1
983 727 1
984 727 1
626 728 1
627 728 1
982 728 1
983 728 1
627 729 1
628 729 1
982 729 1
983 729 1
628 730 1
629 730 1
982 730 1
983 730 1
628 731 1
629 731 1
981 731 1
982 731 1
629 732 1
630 732 1
981 732 1
982 732 1
630 733 1
631 733 1
981 733 1
982 733 1
630 734 1
631 734 1
981 734 1
982 734 1
631 735 1
632 735 1
980 735 1
981 735 1
632 736 1
633 736 1
980 736 1
981 736 1
633 737 1
634 737 1
980 737 1
981 737 1
633 738 1
634 738 1
980 738 1
981 738 1
634 739 1
635 739 1
979 739 1
980 739 1
635 740 1
636 740 1
979 740 1
980 740 1
635 741 1
636 741 1
979 741 1
980 741 1
636 742 1
637 742 1
979 742 1
980 742 1
637 743 1
638 743 1
978 743 1
979 743 1
638 744 1
639 744 1
978 744 1
979 744 1
638 745 1
639 745 1
978 745 1
979 745 1
639 746 1
640 746 1
978 746 1
979 746 1
640 747 1
641 747 1
978 747 1
979 747 1
640 748 1
641 748 1
642 748 1
643 748 1
644 748 1
645 748 1
646 748 1
647 748 1
978 748 1
979 748 1
641 749 1
642 749 1
643 749 1
644 749 1
645 749 1
646 749 1
647 749 1
648 749 1
649 749 1
650 749 1
651 749 1
652 749 1
653 749 1
654 749 1
655 749 1
977 749 1
978 749 1
648 750 1
649 750 1
650 750 1
651 750 1
652 750 1
653 750 1
654 750 1
655 750 1
656 750 1
657 750 1
658 750 1
659 750 1
660 750 1
661 750 1
977 750 1
978 750 1
656 751 1
657 751 1
658 751 1
659 751 1
660 751 1
661 751 1
662 751 1
663 751 1
664 751 1
665 751 1
666 751 1
667 751 1
977 751 1
978 751 1
662 752 1
663 752 1
664 752 1
665 752 1
666 752 1
667 752 1
668 752 1
669 752 1
670 752 1
671 752 1
672 752 1
673 752 1
977 752 1
978 752 1
668 753 1
669 753 1
670 753 1
671 753 1
672 753 1
673 753 1
674 753 1
675 753 1
676 753 1
677 753 1
678 753 1
977 753 1
978 753 1
674 754 1
675 754 1
676 754 1
677 754 1
678 754 1
679 754 1
680 754 1
681 754 1
682 754 1
683 754 1
977 754 1
978 754 1
679 755 1
680 755 1
681 755 1
682 755 1
683 755 1
684 755 1
685 755 1
686 755 1
687 755 1
688 755 1
977 755 1
978 755 1
684 756 1
685 756 1
686 756 1
687 756 1
688 756 1
689 756 1
690 756 1
691 756 1
692 756 1
693 756 1
977 756 1
978 756 1
689 757 1
690 757 1
691 757 1
692 757 1
693 757 1
694 757 1
695 757 1
696 757 1
697 757 1
977 757 1
978 757 1
694 758 1
695 758 1
696 758 1
697 758 1
698 758 1
699 758 1
700 758 1
701 758 1
977 758 1
978 758 1
698 759 1
699 759 1
700 759 1
701 759 1
702 759 1
703 759 1
704 759 1
705 759 1
977 759 1
978 759 1
702 760 1
703 760 1
704 760 1
705 760 1
706 760 1
707 760 1
708 760 1
709 760 1
976 760 1
977 760 1
706 761 1
707 761 1
708 761 1
709 761 1
710 761 1
711 761 1
712 761 1
713 761 1
976 761 1
977 761 1
710 762 1
711 762 1
712 762 1
713 762 1
714 762 1
715 762 1
716 762 1
976 762 1
977 762 1
714 763 1
715 763 1
716 763 1
717 763 1
718 763 1
719 763 1
720 763 1
976 763 1
977 763 1
717 764 1
718 764 1
719 764 1
720 764 1
721 764 1
722 764 1
723 764 1
976 764 1
977 764 1
721 765 1
722 765 1
723 765 1
724 765 1
725 765 1
726 765 1
976 765 1
977 765 1
724 766 1
725 766 1
726 766 1
727 766 1
728 766 1
729 766 1
730 766 1
976 766 1
977 766 1
727 767 1
728 767 1
729 767 1
730 767 1
731 767 1
732 767 1
733 767 1
976 767 1
977 767 1
731 768 1
732 768 1
733 768 1
734 768 1
735 768 1
736 768 1
976 768 1
977 768 1
734 769 1
735 769 1
736 769 1
737 769 1
738 769 1
739 769 1
977 769 1
978 769 1
737 770 1
738 770 1
739 770 1
740 770 1
741 770 1
742 770 1
977 770 1
978 770 1
740 771 1
741 771 1
742 771 1
743 771 1
744 771 1
745 771 1
977 771 1
978 771 1
743 772 1
744 772 1
745 772 1
746 772 1
747 772 1
977 772 1
978 772 1
746 773 1
747 773 1
748 773 1
749 773 1
750 773 1
977 773 1
978 773 1
748 774 1
749 774 1
750 774 1
751 774 1
752 774 1
753 774 1
977 774 1
978 774 1
751 775 1
752 775 1
753 775 1
754 775 1
755 775 1
756 775 1
977 775 1
978 775 1
754 776 1
755 776 1
756 776 1
757 776 1
758 776 1
977 776 1
978 776 1
757 777 1
758 777 1
759 777 1
760 777 1
761 777 1
977 777 1
978 777 1
759 778 1
760 778 1
761 778 1
762 778 1
763 778 1
977 778 1
978 778 1
762 779 1
763 779 1
764 779 1
765 779 1
766 779 1
977 779 1
978 779 1
764 780 1
765 780 1
766 780 1
767 780 1
768 780 1
978 780 1
979 780 1
767 781 1
768 781 1
769 781 1
770 781 1
771 781 1
978 781 1
979 781 1
769 782 1
770 782 1
771 782 1
772 782 1
773 782 1
978 782 1
979 782 1
772 783 1
773 783 1
774 783 1
775 783 1
978 783 1
979 783 1
774 784 1
775 784 1
776 784 1
777 784 1
778 784 1
978 784 1
979 784 1
776 785 1
777 785 1
778 785 1
779 785 1
780 785 1
978 785 1
979 785 1
779 786 1
780 786 1
781 786 1
782 786 1
979 786 1
980 786 1
781 787 1
782 787 1
783 787 1
784 787 1
979 787 1
980 787 1
783 788 1
784 788 1
785 788 1
786 788 1
979 788 1
980 788 1
785 789 1
786 789 1
787 789 1
788 789 1
789 789 1
979 789 1
980 789 1
787 790 1
788 790 1
789 790 1
790 790 1
791 790 1
980 790 1
981 790 1
790 791 1
791 791 1
792 791 1
793 791 1
980 791 1
981 791 1
792 792 1
793 792 1
794 792 1
795 792 1
980 792 1
981 792 1
794 793 1
795 793 1
796 793 1
797 793 1
980 793 1
981 793 1
796 794 1
797 794 1
798 794 1
799 794 1
981 794 1
982 794 1
798 795 1
799 795 1
800 795 1
801 795 1
981 795 1
982 795 1
800 796 1
801 796 1
802 796 1
803 796 1
981 796 1
982 796 1
802 797 1
803 797 1
804 797 1
805 797 1
981 797 1
982 797 1
804 798 1
805 798 1
806 798 1
807 798 1
982 798 1
983 798 1
806 799 1
807 799 1
808 799 1
809 799 1
982 799 1
983 799 1
808 800 1
809 800 1
810 800 1
982 800 1
983 800 1
810 801 1
811 801 1
812 801 1
983 801 1
984 801 1
811 802 1
812 802 1
813 802 1
814 802 1
983 802 1
984 802 1
813 803 1
814 803 1
815 803 1
816 803 1
983 803 1
984 803 1
815 804 1
816 804 1
817 804 1
818 804 1
984 804 1
985 804 1
817 805 1
818 805 1
819 805 1
984 805 1
985 805 1
819 806 1
820 806 1
821 806 1
985 806 1
986 806 1
820 807 1
821 807 1
822 807 1
823 807 1
985 807 1
986 807 1
822 808 1
823 808 1
824 808 1
825 808 1
985 808 1
986 808 1
824 809 1
825 809 1
826 809 1
986 809 1
987 809 1
826 810 1
827 810 1
828 810 1
986 810 1
987 810 1
827 811 1
828 811 1
829 811 1
830 811 1
987 811 1
988 811 1
829 812 1
830 812 1
831 812 1
988 812 1
989 812 1
831 813 1
832 813 1
833 813 1
988 813 1
989 813 1
832 814 1
833 814 1
834 814 1
835 814 1
989 814 1
990 814 1
834 815 1
835 815 1
836 815 1
989 815 1
990 815 1
836 816 1
837 816 1
838 816 1
990 816 1
991 816 1
837 817 1
838 817 1
839 817 1
990 817 1
991 817 1
839 818 1
840 818 1
841 818 1
991 818 1
992 818 1
840 819 1
841 819 1
842 819 1
843 819 1
992 819 1
993 819 1
842 820 1
843 820 1
844 820 1
992 820 1
993 820 1
844 821 1
845 821 1
846 821 1
993 821 1
994 821 1
845 822 1
846 822 1
847 822 1
993 822 1
994 822 1
847 823 1
848 823 1
849 823 1
994 823 1
995 823 1
848 824 1
849 824 1
850 824 1
995 824 1
996 824 1
850 825 1
851 825 1
852 825 1
995 825 1
996 825 1
851 826 1
852 826 1
853 826 1
996 826 1
997 826 1
853 827 1
854 827 1
996 827 1
997 827 1
854 828 1
855 828 1
856 828 1
997 828 1
998 828 1
855 829 1
856 829 1
857 829 1
998 829 1
999 829 1
857 830 1
858 830 1
859 830 1
998 830 1
999 830 1
858 831 1
859 831 1
860 831 1
999 831 1
860 832 1
861 832 1
999 832 1
861 833 1
862 833 1
863 833 1
999 833 1
862 834 1
863 834 1
864 834 1
998 834 1
999 834 1
864 835 1
865 835 1
998 835 1
999 835 1
865 836 1
866 836 1
997 836 1
998 836 1
866 837 1
867 837 1
997 837 1
998 837 1
867 838 1
868 838 1
996 838 1
997 838 1
868 839 1
869 839 1
995 839 1
996 839 1
869 840 1
870 840 1
995 840 1
996 840 1
870 841 1
871 841 1
994 841 1
995 841 1
871 842 1
872 842 1
994 842 1
995 842 1
872 843 1
873 843 1
993 843 1
994 843 1
873 844 1
874 844 1
993 844 1
994 844 1
874 845 1
875 845 1
992 845 1
993 845 1
875 846 1
876 846 1
992 846 1
993 846 1
876 847 1
877 847 1
991 847 1
992 847 1
876 848 1
877 848 1
991 848 1
992 848 1
877 849 1
878 849 1
990 849 1
991 849 1
878 850 1
879 850 1
990 850 1
991 850 1
879 851 1
880 851 1
989 851 1
990 851 1
880 852 1
881 852 1
989 852 1
990 852 1
881 853 1
882 853 1
989 853 1
990 853 1
882 854 1
883 854 1
988 854 1
989 854 1
883 855 1
884 855 1
988 855 1
989 855 1
883 856 1
884 856 1
987 856 1
988 856 1
884 857 1
885 857 1
987 857 1
988 857 1
885 858 1
886 858 1
987 858 1
988 858 1
886 859 1
887 859 1
986 859 1
987 859 1
887 860 1
888 860 1
986 860 1
987 860 1
887 861 1
888 861 1
985 861 1
986 861 1
888 862 1
889 862 1
985 862 1
986 862 1
889 863 1
890 863 1
985 863 1
986 863 1
890 864 1
891 864 1
984 864 1
985 864 1
891 865 1
892 865 1
984 865 1
985 865 1
891 866 1
892 866 1
984 866 1
985 866 1
892 867 1
893 867 1
983 867 1
984 867 1
893 868 1
894 868 1
983 868 1
984 868 1
894 869 1
895 869 1
983 869 1
984 869 1
894 870 1
895 870 1
982 870 1
983 870 1
895 871 1
896 871 1
982 871 1
983 871 1
896 872 1
897 872 1
982 872 1
983 872 1
896 873 1
897 873 1
981 873 1
982 873 1
897 874 1
898 874 1
981 874 1
982 874 1
898 875 1
899 875 1
981 875 1
982 875 1
899 876 1
900 876 1
981 876 1
982 876 1
899 877 1
900 877 1
980 877 1
981 877 1
900 878 1
901 878 1
980 878 1
981 878 1
901 879 1
902 879 1
980 879 1
981 879 1
901 880 1
902 880 1
980 880 1
981 880 1
902 881 1
903 881 1
979 881 1
980 881 1
903 882 1
904 882 1
979 882 1
980 882 1
904 883 1
905 883 1
906 883 1
907 883 1
979 883 1
980 883 1
905 884 1
906 884 1
907 884 1
908 884 1
909 884 1
979 884 1
980 884 1
908 885 1
909 885 1
910 885 1
911 885 1
979 885 1
980 885 1
910 886 1
911 886 1
912 886 1
913 886 1
914 886 1
978 886 1
979 886 1
912 887 1
913 887 1
914 887 1
915 887 1
916 887 1
978 887 1
979 887 1
915 888 1
916 888 1
917 888 1
918 888 1
978 888 1
979 888 1
917 889 1
918 889 1
919 889 1
920 889 1
978 889 1
979 889 1
919 890 1
920 890 1
921 890 1
978 890 1
979 890 1
921 891 1
922 891 1
923 891 1
977 891 1
978 891 1
922 892 1
923 892 1
924 892 1
925 892 1
977 892 1
978 892 1
924 893 1
925 893 1
926 893 1
927 893 1
977 893 1
978 893 1
926 894 1
927 894 1
928 894 1
977 894 1
978 894 1
928 895 1
929 895 1
930 895 1
977 895 1
978 895 1
929 896 1
930 896 1
931 896 1
932 896 1
977 896 1
978 896 1
931 897 1
932 897 1
933 897 1
977 897 1
978 897 1
932 898 1
933 898 1
976 898 1
977 898 1
933 899 1
934 899 1
976 899 1
977 899 1
934 900 1
935 900 1
976 900 1
977 900 1
935 901 1
936 901 1
976 901 1
977 901 1
936 902 1
937 902 1
976 902 1
977 902 1
936 903 1
937 903 1
976 903 1
977 903 1
937 904 1
938 904 1
976 904 1
977 904 1
938 905 1
939 905 1
976 905 1
977 905 1
939 906 1
940 906 1
976 906 1
977 906 1
939 907 1
940 907 1
976 907 1
977 907 1
940 908 1
941 908 1
976 908 1
977 908 1
941 909 1
942 909 1
976 909 1
977 909 1
942 910 1
943 910 1
976 910 1
977 910 1
942 911 1
943 911 1
976 911 1
977 911 1
943 912 1
944 912 1
975 912 1
976 912 1
944 913 1
945 913 1
975 913 1
976 913 1
945 914 1
946 914 1
975 914 1
976 914 1
945 915 1
946 915 1
975 915 1
976 915 1
946 916 1
947 916 1
975 916 1
976 916 1
947 917 1
948 917 1
975 917 1
976 917 1
947 918 1
948 918 1
975 918 1
976 918 1
948 919 1
949 919 1
975 919 1
976 919 1
949 920 1
950 920 1
975 920 1
976 920 1
950 921 1
951 921 1
976 921 1
977 921 1
950 922 1
951 922 1
976 922 1
977 922 1
951 923 1
952 923 1
976 923 1
977 923 1
952 924 1
953 924 1
976 924 1
977 924 1
952 925 1
953 925 1
976 925 1
977 925 1
953 926 1
954 926 1
976 926 1
977 926 1
954 927 1
955 927 1
976 927 1
977 927 1
955 928 1
956 928 1
976 928 1
977 928 1
955 929 1
956 929 1
976 929 1
977 929 1
956 930 1
957 930 1
976 930 1
977 930 1
957 931 1
958 931 1
976 931 1
977 931 1
957 932 1
958 932 1
976 932 1
977 932 1
958 933 1
959 933 1
976 933 1
977 933 1
959 934 1
960 934 1
976 934 1
977 934 1
959 935 1
960 935 1
977 935 1
978 935 1
960 936 1
961 936 1
977 936 1
978 936 1
961 937 1
962 937 1
977 937 1
978 937 1
961 938 1
962 938 1
977 938 1
978 938 1
962 939 1
963 939 1
977 939 1
978 939 1
963 940 1
964 940 1
977 940 1
978 940 1
963 941 1
964 941 1
977 941 1
978 941 1
964 942 1
965 942 1
978 942 1
979 942 1
965 943 1
966 943 1
978 943 1
979 943 1
965 944 1
966 944 1
978 944 1
979 944 1
966 945 1
967 945 1
978 945 1
979 945 1
967 946 1
968 946 1
978 946 1
979 946 1
967 947 1
968 947 1
979 947 1
980 947 1
968 948 1
969 948 1
979 948 1
980 948 1
969 949 1
970 949 1
979 949 1
980 949 1
969 950 1
970 950 1
979 950 1
980 950 1
970 951 1
971 951 1
979 951 1
980 951 1
971 952 1
972 952 1
980 952 1
981 952 1
971 953 1
972 953 1
980 953 1
981 953 1
972 954 1
973 954 1
980 954 1
981 954 1
973 955 1
974 955 1
980 955 1
981 955 1
973 956 1
974 956 1
981 956 1
982 956 1
974 957 1
975 957 1
981 957 1
982 957 1
975 958 1
976 958 1
981 958 1
982 958 1
975 959 1
976 959 1
981 959 1
982 959 1
976 960 1
977 960 1
982 960 1
983 960 1
976 961 1
977 961 1
982 961 1
983 961 1
977 962 1
978 962 1
982 962 1
983 962 1
978 963 1
979 963 1
983 963 1
984 963 1
978 964 1
979 964 1
983 964 1
984 964 1
979 965 1
980 965 1
983 965 1
984 965 1
980 966 1
981 966 1
984 966 1
985 966 1
980 967 1
981 967 1
984 967 1
985 967 1
981 968 1
982 968 1
984 968 1
985 968 1
981 969 1
982 969 1
985 969 1
986 969 1
982 970 1
983 970 1
985 970 1
986 970 1
983 971 1
984 971 1
985 971 1
986 971 1
983 972 1
984 972 1
986 972 1
987 972 1
984 973 1
985 973 1
986 973 1
987 973 1
984 974 1
985 974 1
986 974 1
987 974 1
985 975 1
986 975 1
987 975 1
988 975 1
986 976 1
987 976 1
988 976 1
986 977 1
987 977 1
988 977 1
989 977 1
987 978 1
988 978 1
989 978 1
987 979 1
988 979 1
989 979 1
990 979 1
988 980 1
989 980 1
990 980 1
989 981 1
990 981 1
989 982 1
990 982 1
991 982 1
990 983 1
991 983 1
990 984 1
991 984 1
992 984 1
991 985 1


